usia,qx,lx,dx,Dx,Cx,Nx,Mx
5,0.000234,100000,23.4,74725.81729,16.49607665,1296842.71,1319.626164
6,0.000193,99976.6,19.2954838,70479.55797,12.83259876,1222116.893,1303.130087
7,0.000162,99957.30452,16.19308333,66477.31643,10.15974081,1151637.335,1290.297488
8,0.000143,99941.11143,14.29157893,62704.28972,8.459163613,1085160.018,1280.137748
9,0.000134,99926.81985,13.39019386,59146.53114,7.477014314,1022455.728,1271.678584
10,0.000132,99913.42966,13.18857272,55791.13727,6.947575584,963309.1973,1264.20157
11,0.000143,99900.24109,14.28573448,52626.20079,7.099572371,907518.06,1257.253994
12,0.000155,99885.95535,15.48232308,49640.25966,7.258717215,854891.8592,1250.154422
13,0.000167,99870.47303,16.678369,46823.17493,7.376858691,805251.5996,1242.895704
14,0.00018,99853.79466,17.97368304,44165.42968,7.499789945,758428.4247,1235.518846
15,0.000193,99835.82098,19.26831345,41657.9999,7.584899982,714262.995,1228.019056
16,0.000205,99816.55266,20.4623933,39292.41501,7.59900479,672604.9951,1220.434156
17,0.000218,99796.09027,21.75554768,37060.71704,7.621921052,633312.5801,1212.835151
18,0.000231,99774.33472,23.04787132,34955.31868,7.617621336,596251.863,1205.21323
19,0.000245,99751.28685,24.43906528,32969.09812,7.620216075,561296.5443,1197.595609
20,0.00026,99726.84779,25.92898042,31095.30254,7.627149679,528327.4462,1189.975393
21,0.000275,99700.91881,27.41775267,29327.56392,7.608566112,497232.1437,1182.348243
22,0.000292,99673.50105,29.10466231,27659.90457,7.619520881,467904.5798,1174.739677
23,0.000309,99644.39639,30.79011848,26086.63007,7.604498766,440244.6752,1167.120156
24,0.000327,99613.60627,32.57364925,24602.42387,7.589615666,414158.0451,1159.515657
25,0.000347,99581.03262,34.55461832,23202.24423,7.595451647,389555.6213,1151.926041
26,0.000368,99546.47801,36.63310391,21881.3142,7.596531721,366353.377,1144.33059
27,0.00039,99509.8449,38.80883951,20635.15271,7.592178827,344472.0628,1136.734058
28,0.000414,99471.03606,41.18100893,19459.53302,7.600232707,323836.9101,1129.141879
29,0.00044,99429.85505,43.74913622,18350.44978,7.617167835,304377.3771,1121.541647
30,0.000469,99386.10592,46.61208367,17304.12791,7.656260369,286026.9273,1113.924479
31,0.000499,99339.49383,49.57040742,16316.99271,7.681301287,268722.7994,1106.268218
32,0.000533,99289.92343,52.92152919,15385.70805,7.736398482,252405.8067,1098.586917
33,0.000569,99237.0019,56.46585408,14507.08252,7.787292408,237020.0986,1090.850519
34,0.000608,99180.53604,60.30176591,13678.13961,7.845574418,222513.0161,1083.063226
35,0.000651,99120.23428,64.52727251,12896.05972,7.920127242,208834.8765,1075.217652
36,0.000698,99055.707,69.14088349,12158.17395,8.006042844,195938.8168,1067.297524
37,0.00075,98986.56612,74.23992459,11461.96938,8.109883994,183780.6429,1059.291482
38,0.000807,98912.3262,79.82224724,10805.06878,8.226123115,172318.6735,1051.181598
39,0.000869,98832.50395,85.88544593,10185.23499,8.349970946,161513.6047,1042.955475
40,0.000938,98746.6185,92.62432816,9600.36228,8.495414923,151328.3697,1034.605504
41,0.001013,98653.99417,99.9364961,9048.450132,8.647245268,141728.0074,1026.110089
42,0.001094,98554.05768,107.8181391,8527.626464,8.801154105,132679.5573,1017.462843
43,0.001186,98446.23954,116.7572401,8036.129472,8.991367504,124151.9308,1008.661689
44,0.001286,98329.4823,126.4517142,7572.262852,9.186726441,116115.8014,999.6703218
45,0.001397,98203.03058,137.1896337,7134.457473,9.4026765,108543.5385,990.4835954
46,0.001519,98065.84095,148.9620124,6721.217581,9.631631609,101409.081,981.0809189
47,0.001654,97916.87894,161.9545178,6331.139672,9.878966997,94687.86346,971.4492872
48,0.001802,97754.92442,176.1543738,5962.894308,10.13692032,88356.72378,961.5703202
49,0.001967,97578.77005,191.9374407,5615.235068,10.41996923,82393.82948,951.4333999
50,0.002151,97386.83261,209.4790769,5286.971605,10.72856219,76778.59441,941.0134307
51,0.002324,97177.35353,225.8401696,4976.980499,10.91179498,71491.6228,930.2848685
52,0.00252,96951.51336,244.3178137,4684.352827,11.13638597,66514.6423,919.3730735
53,0.002738,96707.19555,264.7843014,4408.064394,11.3861135,61830.28948,908.2366876
54,0.002982,96442.41124,287.5912703,4147.165201,11.66683644,57422.22508,896.8505741
55,0.003256,96154.81997,313.0800938,3900.753165,11.98193614,53275.05988,885.1837376
56,0.003574,95841.73988,342.5383783,3667.97388,12.36730061,49374.30672,873.2018015
57,0.003948,95499.2015,377.0308475,3447.985416,12.84211927,45706.33284,860.8345009
58,0.004388,95122.17065,417.3960848,3239.974311,13.41227102,42258.34742,847.9923816
59,0.004901,94704.77457,464.1481002,3043.167268,14.07034224,39018.37311,834.5801106
60,0.005489,94240.62647,517.2867987,2856.842175,14.79359122,35975.20584,820.5097683
61,0.006156,93723.33967,576.960879,2680.340536,15.56620409,33118.36367,805.7161771
62,0.006898,93146.37879,642.5237209,2513.056943,16.3538366,30438.02313,790.149973
63,0.007712,92503.85507,713.3897303,2354.4546,17.12976781,27924.96619,773.7961364
64,0.008608,91790.46534,790.1323257,2204.053817,17.89858043,25570.51159,756.6663686
65,0.009563,91000.33302,870.2361846,2061.397473,18.5973057,23366.45777,738.7677882
66,0.010565,90130.09683,952.224473,1926.117292,19.19757471,21305.0603,720.1704825
67,0.011621,89177.87236,1036.336055,1797.89421,19.71068737,19378.94301,700.9729078
68,0.012877,88141.5363,1134.998563,1676.415926,20.36529045,17581.0488,681.2622204
69,0.014461,87006.53774,1258.201542,1561.159168,21.29804031,15904.63287,660.89693
70,0.016477,85748.3362,1412.875336,1451.493628,22.56250991,14343.4737,639.5988897
71,0.019,84335.46086,1602.373756,1346.771101,24.14023672,12891.98008,617.0363797
72,0.021911,82733.08711,1812.764672,1246.398538,25.76399845,11545.20897,592.896143
73,0.025112,80920.32243,2032.071137,1150.083679,27.24613334,10298.81044,567.1321446
74,0.028632,78888.2513,2258.728411,1057.738469,28.57091307,9148.726758,539.8860112
75,0.032385,76629.52289,2481.647099,969.2955674,29.61380844,8090.988289,511.3150982
76,0.036408,74147.87579,2699.575862,884.8159721,30.39092444,7121.692722,481.7012897
77,0.040769,71448.29993,2912.87574,804.3411247,30.93602199,6236.876749,451.3103653
78,0.045472,68535.42419,3116.442809,727.8763598,31.22452248,5432.535625,420.3743433
79,0.050616,65418.98138,3311.247161,655.4512886,31.29841738,4704.659265,389.1498208
80,0.056085,62107.73422,3483.312274,587.0518549,31.06113517,4049.207976,357.8514034
81,0.061853,58624.42194,3626.09637,522.7613695,30.50411225,3462.156121,326.7902683
82,0.067936,54998.32557,3736.366246,462.666991,29.65258934,2939.394752,296.286156
83,0.074351,51261.95933,3811.377938,406.8257041,28.53575276,2476.727761,266.6335667
84,0.081501,47450.58139,3867.269834,355.2620813,27.31529706,2069.902057,238.0978139
85,0.089179,43583.31155,3886.716141,307.8376098,25.89872661,1714.639976,210.7825168
86,0.097468,39696.59541,3869.147762,264.5141128,24.32232222,1406.802366,184.8837902
87,0.106452,35827.44765,3813.903457,225.2192937,22.61796627,1142.288253,160.561468
88,0.116226,32013.54419,3720.806188,189.8530655,20.81685131,917.0689593,137.9435017
89,0.126893,28292.73801,3590.150404,158.2898142,18.94893339,727.2158938,117.1266504
90,0.138577,24702.5876,3423.210482,130.38108,17.0451122,568.9260796,98.17771704
91,0.151192,21279.37712,3217.271586,105.9559067,15.1129108,438.5449996,81.13260484
92,0.165077,18062.10554,2981.638195,84.84549175,13.21324457,332.5890929,66.01969404
93,0.180401,15080.46734,2720.531389,66.82967218,11.37371669,247.7436011,52.80644948
94,0.197349,12359.93595,2439.221,51.67314386,9.620418177,180.9139289,41.43273279
95,0.216129,9920.714951,2144.154202,39.12783075,7.977980124,129.2407851,31.81231461
96,0.23697,7776.560749,1842.811601,28.93506775,6.468625476,90.11295431,23.83433449
97,0.258059,5933.749149,1531.257372,20.82860825,5.070763978,61.17788656,17.36570901
98,0.280237,4402.491777,1233.741088,14.57886645,3.85428094,40.34927831,12.29494503
99,0.304679,3168.750689,965.4517912,9.899366651,2.845404841,25.77041187,8.440664092
100,0.33163,2203.298898,730.6800135,6.493620301,2.031584246,15.87104521,5.59525925
101,0.361361,1472.618884,532.1470327,4.094472642,1.395832763,9.377424913,3.563675005
102,0.394167,940.4718517,370.7029684,2.466877277,0.917322279,5.282952271,2.167842242
103,0.430366,569.7688833,245.2091552,1.409920435,0.572435677,2.816074994,1.250519963
104,0.471522,324.5597281,153.0370521,0.757677941,0.337039451,1.406154559,0.678084285
105,0.519196,171.522676,89.05388727,0.377751059,0.18502532,0.648476618,0.341044835
106,0.57495,82.4687887,47.41543006,0.171343604,0.092937741,0.270725558,0.156019515
107,0.640345,35.05335864,22.44624294,0.068707169,0.041505936,0.099381954,0.063081774
108,0.716944,12.6071157,9.038595959,0.023312148,0.015767457,0.030674786,0.021575838
109,0.806309,3.568519742,2.877329584,0.006225135,0.004735267,0.007362638,0.005808381
110,0.999999,0.691190157,0.691189466,0.001137503,0.001073115,0.001137503,0.001073115
