usia,qx,lx,dx,Dx,Cx,Nx,Mx
5,0.000456,100000,45.6,74725.81729,32.14620064,1283918.292,2051.196957
6,0.000424,99954.4,42.3806656,70463.90784,28.18556314,1209192.475,2019.050757
7,0.000403,99912.01933,40.26454379,66447.19919,25.2624729,1138728.567,1990.865193
8,0.000392,99871.75479,39.14972788,62660.7745,23.17266378,1072281.368,1965.602721
9,0.000389,99832.60506,38.83488337,59090.76555,21.68519604,1009620.594,1942.430057
10,0.00039,99793.77018,38.91957037,55724.32004,20.50234416,950529.8281,1920.744861
11,0.000397,99754.85061,39.60267569,52549.6109,19.68131653,894805.5081,1900.242517
12,0.000405,99715.24793,40.38467541,49555.4233,18.93391173,842255.8972,1880.5612
13,0.000413,99674.86326,41.16571853,46731.46543,18.207637,792700.4739,1861.627288
14,0.000422,99633.69754,42.04542036,44068.08051,17.54408488,745969.0084,1843.419651
15,0.000433,99591.65212,43.12318537,41556.11677,16.97528166,701900.9279,1825.875566
16,0.000444,99548.52893,44.19954685,39186.90846,16.41413902,660344.8112,1808.900285
17,0.000457,99504.32939,45.47347853,36952.36743,15.93135086,621157.9027,1792.486146
18,0.000471,99458.85591,46.84512113,34844.79264,15.48292201,584205.5353,1776.554795
19,0.000486,99412.01079,48.31423724,32856.96297,15.06460755,549360.7426,1761.071873
20,0.000503,99363.69655,49.97993936,30982.07027,14.70186919,516503.7797,1746.007265
21,0.000522,99313.71661,51.84176007,29213.66631,14.38635265,485521.7094,1731.305396
22,0.000544,99261.87485,53.99845992,27545.6762,14.13664892,456308.0431,1716.919043
23,0.000566,99207.87639,56.15165804,25972.35033,13.86825499,428762.3669,1702.782395
24,0.000591,99151.72473,58.59866932,24488.34904,13.6534097,402790.0166,1688.91414
25,0.000619,99093.12606,61.33864503,23088.56267,13.48284933,378301.6675,1675.26073
26,0.00065,99031.78742,64.37066182,21768.18004,13.34841229,355213.1049,1661.777881
27,0.000684,98967.41676,67.69371306,20522.6705,13.24293077,333444.9248,1648.429468
28,0.000722,98899.72304,71.40560004,19347.76697,13.17838467,312922.2543,1635.186537
29,0.000763,98828.31744,75.40600621,18239.43196,13.12894961,293574.4873,1622.008153
30,0.000809,98752.91144,79.89110535,17193.88234,13.12250077,275335.0554,1608.879203
31,0.00086,98673.02033,84.85879749,16207.52121,13.14949834,258141.173,1595.756702
32,0.000916,98588.16153,90.30675597,15276.96485,13.20160359,241933.6518,1582.607204
33,0.000978,98497.85478,96.33090197,14399.02939,13.28514221,226656.687,1569.405601
34,0.001046,98401.52388,102.927994,13570.70485,13.39146913,212257.6576,1556.120458
35,0.001122,98298.59588,110.2910246,12789.16028,13.5372055,198686.9527,1542.728989
36,0.001204,98188.30486,118.218719,12051.70834,13.68892155,185897.7925,1529.191784
37,0.001295,98070.08614,127.0007615,11355.84725,13.87341715,173846.0841,1515.502862
38,0.001397,97943.08538,136.8264903,10699.19002,14.10072496,162490.2369,1501.629445
39,0.001509,97806.25889,147.5896447,10079.47477,14.34898814,151791.0469,1487.52872
40,0.001633,97658.66924,159.4766069,9494.589472,14.62704208,141711.5721,1473.179732
41,0.001789,97499.19264,174.4260556,8942.532838,15.09263325,132216.9826,1458.55269
42,0.002,97324.76658,194.6495332,8421.2591,15.88916811,123274.4498,1443.460057
43,0.00226,97130.11705,219.5140645,7928.694889,16.90457589,114853.1907,1427.570888
44,0.002569,96910.60298,248.9633391,7462.996263,18.08720509,106924.4958,1410.666313
45,0.002922,96661.63964,282.445311,7022.475307,19.35818193,99461.49952,1392.579107
46,0.003318,96379.19433,319.7861668,6605.618523,20.67683232,92439.02421,1373.220926
47,0.003754,96059.40817,360.6070183,6211.038755,21.99645235,85833.40569,1352.544093
48,0.004228,95698.80115,404.6145312,5837.474071,23.28381167,79622.36694,1330.547641
49,0.00474,95294.18662,451.6944446,5483.767199,24.52175144,73784.89287,1307.263829
50,0.005285,94842.49217,501.2425711,5148.843531,25.67135666,68301.12567,1282.742078
51,0.005867,94341.2496,553.5001114,4831.7282,26.74315977,63152.28214,1257.070721
52,0.00648,93787.74949,607.7446167,4531.490992,27.70194493,58320.55394,1230.327561
53,0.007127,93180.00487,664.0938947,4247.289557,28.55701195,53789.06294,1202.625616
54,0.007806,92515.91098,722.1792011,3978.319928,29.29694845,49541.77339,1174.068604
55,0.008519,91793.73178,781.990801,3723.835059,29.9276895,45563.45346,1144.771656
56,0.009262,91011.74097,842.9507449,3483.124253,30.43461965,41839.6184,1114.843966
57,0.010039,90168.79023,905.2044851,3255.531657,30.8323418,38356.49415,1084.409347
58,0.010889,89263.58574,971.9911852,3040.423938,31.23318516,35100.96249,1053.577005
59,0.011924,88291.59456,1052.788974,2837.091285,31.91460046,32060.53855,1022.34382
60,0.013119,87238.80559,1144.48589,2644.586612,32.73050166,29223.44727,990.4292194
61,0.01444,86094.3197,1243.201976,2462.162528,33.54115746,26578.86065,957.6987177
62,0.015863,84851.11772,1345.99328,2289.253681,34.2588973,24116.69813,924.1575603
63,0.017413,83505.12444,1454.074732,2125.414386,34.91494407,21827.44445,889.898663
64,0.019185,82051.04971,1574.149389,1970.192968,35.65863404,19702.03006,854.9837189
65,0.02126,80476.90032,1710.938901,1823.013977,36.56346901,17731.83709,819.3250849
66,0.023643,78765.96142,1862.263626,1683.261037,37.54466105,15908.82311,782.7616159
67,0.026316,76903.69779,2023.797711,1550.43745,38.49180371,14225.56208,745.2169548
68,0.029188,74879.90008,2185.594524,1424.185036,39.21614417,12675.12463,706.7251511
69,0.032435,72694.30556,2357.839801,1304.354644,39.91202159,11250.93959,667.5090069
70,0.036106,70336.46576,2539.568433,1190.611228,40.55491414,9946.584948,627.5969854
71,0.040008,67796.89732,2712.418268,1082.663225,40.86338709,8755.97372,587.0420712
72,0.043827,65084.47906,2852.457464,980.517014,40.54067847,7673.310495,546.1786841
73,0.047489,62232.02159,2955.336473,884.4753725,39.6253311,6692.793481,505.6380057
74,0.051221,59276.68512,3036.211088,794.7853977,38.40538005,5808.318108,466.0126746
75,0.055293,56240.47403,3109.704531,711.3921649,37.10849715,5013.532711,427.6072945
76,0.060068,53130.7695,3191.459062,634.0161867,35.92838142,4302.140546,390.4987974
77,0.065924,49939.31044,3292.199101,562.2000966,34.96460299,3668.124359,354.5704159
78,0.072595,46647.11134,3386.347047,495.4128467,33.92876944,3105.924262,319.605813
79,0.079692,43260.76429,3447.536828,433.4418406,32.58664827,2610.511416,285.6770435
80,0.087431,39813.22746,3480.91029,376.3207486,31.03971638,2177.069575,253.0903953
81,0.095445,36332.31717,3467.738012,323.9798577,29.17194106,1800.748826,222.0506789
82,0.103691,32864.57916,3407.761078,276.4694342,27.04470953,1476.768969,192.8787378
83,0.112303,29456.81808,3308.089041,233.7755114,24.76763326,1200.299535,165.8340283
84,0.121116,26148.72904,3167.029466,195.775302,22.36935988,966.5240232,141.066395
85,0.130102,22981.69957,2989.965078,162.3243212,19.92331966,770.7487212,118.6970351
86,0.139315,19991.7345,2785.148491,133.2128325,17.50806203,608.4243999,98.77371548
87,0.148714,17206.586,2558.860231,108.1644214,15.17506016,475.2115674,81.26565345
88,0.158486,14647.72577,2321.459467,86.86684684,12.9879048,367.047146,66.09059329
89,0.168709,12326.26631,2079.552062,68.96195071,10.97594504,280.1802992,53.10268849
90,0.179452,10246.71424,1838.793365,54.08249903,9.155860958,211.2183485,42.12674345
91,0.190489,8407.92088,1601.61644,41.86536454,7.523482477,157.1358495,32.97088249
92,0.201681,6806.304439,1372.702286,31.97214445,6.083183079,115.2704849,25.44740002
93,0.212986,5433.602154,1157.281188,24.07921734,4.838241684,83.29834047,19.36421694
94,0.226535,4276.320965,968.7363699,17.87800109,3.820748092,59.21912312,14.52597525
95,0.241164,3307.584595,797.6703314,13.04529067,2.967975925,41.34112203,10.70522716
96,0.256204,2509.914264,643.0500741,9.33890207,2.257230251,28.29583136,7.737251237
97,0.27248,1866.86419,508.6831545,6.553054721,1.684505991,18.95692929,5.480020987
98,0.290163,1358.181035,394.0938838,4.497621104,1.231172861,12.40387457,3.795514996
99,0.309125,964.0871517,298.0234408,3.011865917,0.878342501,7.906253464,2.564342135
100,0.329825,666.0637109,219.6844635,1.963040439,0.610811144,4.894387547,1.685999634
101,0.352455,446.3792475,157.3285977,1.241113798,0.412676192,2.931347109,1.07518849
102,0.37722,289.0506498,109.0356861,0.758185882,0.269814036,1.69023331,0.662512297
103,0.406205,180.0149637,73.12297832,0.445455664,0.170704073,0.932047429,0.392698261
104,0.441497,106.8919854,47.19249086,0.249537119,0.103933858,0.486591765,0.221994188
105,0.485182,59.6994945,28.96512014,0.131478518,0.060180199,0.237054647,0.11806033
106,0.539343,30.73437436,16.57636967,0.063856139,0.032490907,0.105576128,0.057880132
107,0.606069,14.15800469,8.580727744,0.027750734,0.015866848,0.041719989,0.025389224
108,0.687444,5.577276945,3.834065572,0.010313089,0.006688369,0.013969255,0.009522376
109,0.785555,1.743211373,1.36938841,0.00304096,0.002253624,0.003656167,0.002834007
110,0.999999,0.373822963,0.373822589,0.000615206,0.000580383,0.000615206,0.000580383
