usia,qx,lx,dx,Dx,Cx,Nx,Mx
5,0.000342,100000,34.2,74725.81729,24.10965048,1289764.522,1720.278277
6,0.000318,99965.8,31.7891244,70471.94439,21.14158332,1215038.705,1696.168627
7,0.000302,99934.01088,30.18007128,66461.82483,18.93535009,1144566.761,1675.027044
8,0.000294,99903.8308,29.37172626,62680.89939,17.38507964,1078104.936,1656.091693
9,0.000292,99874.45908,29.16334205,59115.53887,16.28465788,1015424.037,1638.706614
10,0.000293,99845.29574,29.25467165,55753.09164,15.41099608,956308.4977,1622.421956
11,0.000298,99816.04106,29.74518024,52581.84527,14.78244329,900555.4061,1607.01096
12,0.000304,99786.29588,30.33503395,49590.73196,14.22224766,847973.5608,1592.228517
13,0.00031,99755.96085,30.92434786,46769.48715,13.67786888,798382.8289,1578.006269
14,0.000317,99725.0365,31.61283657,44108.47982,13.19093217,751613.3417,1564.3284
15,0.000325,99693.42367,32.40036269,41598.58248,12.75428236,707504.8619,1551.137468
16,0.000333,99661.0233,33.18712076,39231.19145,12.32451581,665906.2794,1538.383185
17,0.000343,99627.83618,34.17234781,36998.23346,11.97206988,626675.088,1526.05867
18,0.000353,99593.66383,35.15656333,34892.02176,11.61970159,589676.8545,1514.0866
19,0.000365,99558.50727,36.33885515,32905.38196,11.33062681,554784.8327,1502.466898
20,0.000377,99522.16842,37.51985749,31031.48254,11.03666879,521879.4508,1491.136271
21,0.000392,99484.64856,38.99798223,29263.94686,10.82213884,490847.9682,1480.099603
22,0.000408,99445.65058,40.57382544,27596.6749,10.62211638,461584.0214,1469.277464
23,0.000424,99405.07675,42.14775254,26023.97685,10.40959074,433987.3465,1458.655347
24,0.000444,99362.929,44.11714048,24540.51196,10.27923331,407963.3696,1448.245757
25,0.000464,99318.81186,46.0839287,23141.14715,10.12970969,383422.8577,1437.966523
26,0.000488,99272.72793,48.44509123,21821.14118,10.04595934,360281.7105,1427.836814
27,0.000513,99224.28284,50.9020571,20575.93629,9.957976713,338460.5693,1417.790854
28,0.000542,99173.38078,53.75197238,19401.30267,9.920288725,317884.6331,1407.832878
29,0.000572,99119.62881,56.69642768,18293.19544,9.871422445,298483.3304,1397.912589
30,0.000607,99062.93238,60.13119996,17247.86013,9.876840657,280190.1349,1388.041166
31,0.000645,99002.80118,63.85680676,16261.68932,9.895084536,262942.2748,1378.164326
32,0.000687,98938.94437,67.97105478,15331.32125,9.936431792,246680.5855,1368.269241
33,0.000734,98870.97332,72.57129442,14453.57418,10.00841835,231349.2642,1358.332809
34,0.000785,98798.40202,77.55674559,13625.43892,10.09053732,216895.6901,1348.324391
35,0.00086,98720.84528,84.89992694,12844.09713,10.42068257,203270.2511,1338.233854
36,0.000907,98635.94535,89.46280243,12106.65208,10.35918249,190426.154,1327.813171
37,0.000966,98546.48255,95.19590214,11411.0107,10.39909089,178319.5019,1317.453989
38,0.001039,98451.28665,102.2908868,10754.70535,10.54164043,166908.4912,1307.054898
39,0.001128,98348.99576,110.9376672,10135.4068,10.78560271,156153.7859,1296.513257
40,0.001238,98238.05809,121.6187159,9550.918924,11.15475248,146018.3791,1285.727655
41,0.00137,98116.43938,134.4195219,8999.146119,11.63097187,136467.4602,1274.572902
42,0.001527,97982.01986,149.6185443,8478.129518,12.21330545,127468.314,1262.94193
43,0.001715,97832.40131,167.7825682,7986.022089,12.92078102,118990.1845,1250.728625
44,0.001932,97664.61874,188.6880434,7521.062322,13.70820038,111004.1624,1237.807844
45,0.002183,97475.9307,212.7899567,7081.633613,14.58415677,103483.1001,1224.099643
46,0.002471,97263.14074,240.3372208,6666.20227,15.53979793,96401.46651,1209.515487
47,0.00279,97022.80352,270.6936218,6273.330268,16.51187873,89735.26424,1193.975689
48,0.003138,96752.1099,303.6081209,5901.724223,17.47133077,83461.93397,1177.46381
49,0.003513,96448.50178,338.8235868,5550.193031,18.39417747,77560.20975,1159.992479
50,0.003909,96109.67819,375.6927321,5217.636984,19.24126695,72010.01672,1141.598302
51,0.004324,95733.98546,413.9537531,4903.057774,20.0007753,66792.37973,1122.357035
52,0.004755,95320.03171,453.2467508,4605.525427,20.65969189,61889.32196,1102.35626
53,0.0052,94866.78496,493.3072818,4324.175617,21.21293699,57283.79653,1081.696568
54,0.00566,94373.47768,534.1538836,4058.198022,21.66924604,52959.62091,1060.483631
55,0.006131,93839.32379,575.3288942,3806.819454,22.01850007,48901.42289,1038.814385
56,0.006618,93263.9949,617.2211182,3569.320607,22.28468281,45094.60344,1016.795885
57,0.007139,92646.77378,661.405318,3344.998909,22.52825209,41525.28283,994.5112018
58,0.007719,91985.36846,710.0350592,3133.131096,22.8156971,38180.28392,971.9829497
59,0.008384,91275.3334,765.2523952,2932.968356,23.19811952,35047.15282,949.1672526
60,0.009158,90510.08101,828.8913219,2743.75316,23.70499192,32114.18447,925.9691331
61,0.010064,89681.18968,902.551493,2564.741385,24.35052575,29370.43131,902.2641411
62,0.011133,88778.63819,988.372579,2395.216819,25.15655551,26805.68992,877.9136154
63,0.012391,87790.26561,1087.809181,2234.481953,26.12025083,24410.47311,852.7570599
64,0.013868,86702.45643,1202.389666,2081.881591,27.23729614,22175.99115,826.6368091
65,0.015592,85500.06677,1333.117041,1936.801941,28.48926025,20094.10956,799.3995129
66,0.017579,84166.94972,1479.570809,1798.682382,29.82928075,18157.30762,770.9102527
67,0.019804,82687.37892,1637.540852,1667.040891,31.14535642,16358.62524,741.0809719
68,0.022229,81049.83806,1801.65685,1541.534729,32.3271467,14691.58435,709.9356155
69,0.024817,79248.18121,1966.702113,1421.9509,33.29109008,13150.04962,677.6084688
70,0.02753,77281.4791,2127.55912,1308.172023,33.97544886,11728.09872,644.3173787
71,0.030354,75153.91998,2281.222087,1200.149101,34.36728851,10419.92669,610.3419298
72,0.03337,72872.69789,2431.761929,1097.848845,34.56152448,9219.777594,575.9746413
73,0.03668,70440.93596,2583.773531,1001.144933,34.64339258,8121.928749,541.4131169
74,0.040388,67857.16243,2740.615076,909.8329591,34.66635241,7120.783816,506.7697243
75,0.044597,65116.54736,2904.002662,823.6666279,34.65383076,6210.950857,472.1033719
76,0.049388,62212.54469,3072.553157,742.3901578,34.58977841,5387.284229,437.4495411
77,0.054758,59139.99154,3238.387657,665.778295,34.39310177,4644.894071,402.8597627
78,0.060678,55901.60388,3391.99752,593.6996294,33.98538312,3979.115776,368.4666609
79,0.067125,52509.60636,3524.707327,526.1086069,33.31607569,3385.416147,334.4812778
80,0.07407,48984.89903,3628.311471,463.0127987,32.35411132,2859.30754,301.1652021
81,0.081484,45356.58756,3695.836181,404.4504158,31.09079026,2396.294741,268.8110908
82,0.08932,41660.75138,3721.138313,350.4662057,29.53173726,1991.844325,237.7203005
83,0.097525,37939.61307,3700.060764,301.0967587,27.70232207,1641.37812,208.1885633
84,0.106047,34239.5523,3631.001803,256.3512239,25.64648891,1340.281361,180.4862412
85,0.114836,30608.5505,3514.963505,216.1942883,23.42159179,1083.930137,154.8397523
86,0.12417,27093.58699,3364.210697,180.535284,21.14817568,867.7358487,131.4181605
87,0.13387,23729.3763,3176.651605,149.16813,18.83880902,687.2005647,110.2699848
88,0.144073,20552.72469,2961.092705,121.8858419,16.56647066,538.0324347,91.4311758
89,0.154859,17591.63199,2724.222538,98.42017266,14.37853728,416.1465928,74.86470514
90,0.166307,14867.40945,2472.554263,78.47068221,12.31153184,317.7264201,60.48616786
91,0.178214,12394.85519,2208.936722,61.71741364,10.3763275,239.2557379,48.17463602
92,0.19046,10185.91846,1940.010031,47.84764763,8.597229215,177.5383243,37.79830852
93,0.203007,8245.908434,1673.977133,36.542061,6.998390734,129.6906766,29.20107931
94,0.217904,6571.9313,1432.050118,27.47525172,5.648082312,93.14861563,22.20268857
95,0.234086,5139.881182,1203.174226,20.27196648,4.47677693,65.67336391,16.55460626
96,0.248436,3936.706956,978.0197293,14.64771975,3.433038589,45.40139743,12.07782933
97,0.263954,2958.687227,780.9573282,10.38556495,2.58614284,30.75367767,8.644790741
98,0.280803,2177.729898,611.5130886,7.211559942,1.910403459,20.36811273,6.058647901
99,0.299154,1566.21681,468.5400235,4.892954977,1.380893446,13.15655278,4.148244442
100,0.319185,1097.676786,350.361965,3.235101815,0.974147144,8.263597806,2.767350996
101,0.341086,747.3148212,254.8986231,2.0778357,0.668604403,5.028495991,1.793203852
102,0.365052,492.4161981,179.7575179,1.291617955,0.444818602,2.950660291,1.124599448
103,0.393102,312.6586802,122.9067525,0.773688903,0.28692326,1.659042336,0.679780847
104,0.427255,189.7519277,81.07245986,0.442971932,0.178549031,0.885353432,0.392857587
105,0.469531,108.6794678,51.0283792,0.239349018,0.106020551,0.4423815,0.214308556
106,0.521945,57.65108861,30.09069744,0.11978041,0.058979987,0.203032482,0.108288005
107,0.586518,27.56039117,16.16466551,0.0540204,0.029890506,0.083252072,0.049308018
108,0.665268,11.39572566,7.581211618,0.021072135,0.01322511,0.029231673,0.019417512
109,0.760215,3.814514042,2.899850792,0.006654262,0.00477233,0.008159538,0.006192401
110,1,0.914663249,0.914663249,0.001505276,0.001420071,0.001505276,0.001420071
