usia,qx,lx,dx,Dx,Cx,Nx,Mx
5,0.000171,100000,17.1,74725.81729,12.05482524,1300503.452,1112.414355
6,0.00014,99982.9,13.997606,70483.99922,9.309207444,1225777.635,1100.35953
7,0.000118,99968.90239,11.79633048,66485.02968,7.401163681,1155293.635,1091.050322
8,0.000104,99957.10606,10.39553903,62714.32495,6.15310358,1088808.606,1083.649158
9,0.000097,99946.71052,9.694830921,59158.30439,5.413542949,1026094.281,1077.496055
10,0.000096,99937.01569,9.593953507,55804.30758,5.053975026,966935.9763,1072.082512
11,0.000104,99927.42174,10.39245186,52640.51922,5.164730187,911131.6687,1067.028537
12,0.000113,99917.02929,11.29062431,49655.70246,5.293485262,858491.1495,1061.863807
13,0.000122,99905.73866,12.18850012,46839.70883,5.390985356,808835.447,1056.570321
14,0.000131,99893.55016,13.08605507,44183.01357,5.460353564,761995.7382,1051.179336
15,0.00014,99880.46411,13.98326498,41676.62792,5.504460292,717812.7246,1045.718983
16,0.000149,99866.48084,14.88010565,39312.06905,5.525941782,676136.0967,1040.214522
17,0.000159,99851.60074,15.87640452,37081.33165,5.562199748,636824.0276,1034.68858
18,0.000168,99835.72433,16.77240169,34976.82615,5.543496975,599742.696,1029.126381
19,0.000179,99818.95193,17.8675924,32991.46231,5.571199767,564765.8698,1023.582884
20,0.000189,99801.08434,18.86240494,31118.44985,5.548478321,531774.4075,1018.011684
21,0.000201,99782.22193,20.05622661,29351.47968,5.565705109,500655.9577,1012.463206
22,0.000212,99762.16571,21.14957913,27684.50946,5.536901893,471304.478,1006.897501
23,0.000225,99741.01613,22.44172863,26111.92486,5.542625559,443619.9685,1001.360599
24,0.000239,99718.5744,23.83273928,24628.34875,5.552995614,417508.0437,995.8179731
25,0.000253,99694.74166,25.22276964,23228.73828,5.54421772,392879.6949,990.2649775
26,0.000268,99669.51889,26.71143106,21908.35982,5.539094746,369650.9567,984.7207597
27,0.000284,99642.80746,28.29855732,20662.72488,5.536050818,347742.5968,979.181665
28,0.000302,99614.5089,30.08358169,19487.60063,5.552127727,327079.872,973.6456142
29,0.00032,99584.42532,31.8670161,18378.97677,5.548370345,307592.2713,968.0934865
30,0.000342,99552.55831,34.04697494,17333.10896,5.592380438,289213.2946,962.5451161
31,0.000364,99518.51133,36.22473812,16346.3972,5.613291115,271880.1856,956.9527357
32,0.000388,99482.28659,38.5991272,15415.51615,5.642660627,255533.7884,951.3394446
33,0.000414,99443.68746,41.16968661,14537.2971,5.677774528,240118.2722,945.6967839
34,0.000443,99402.51778,44.03531538,13708.75345,5.72922432,225580.9751,940.0190094
35,0.000476,99358.48246,47.29463765,12927.05705,5.804980336,211872.2217,934.2897851
36,0.000502,99311.18783,49.85421629,12189.53186,5.772778296,198945.1646,928.4848047
37,0.000536,99261.33361,53.20407481,11493.78558,5.811951954,186755.6328,922.7120264
38,0.000573,99208.12953,56.84625822,10837.38199,5.858320643,175261.8472,916.9000745
39,0.000617,99151.28328,61.17634178,10218.08695,5.947697784,164424.4652,911.0417539
40,0.000665,99090.10693,65.89492111,9633.756976,6.043819235,154206.3783,905.0940561
41,0.000716,99024.21201,70.9013358,9082.406159,6.134908311,144572.6213,899.0502368
42,0.000775,98953.31068,76.68881577,8562.172788,6.260079161,135490.2151,892.9153285
43,0.000842,98876.62186,83.25411561,8071.261419,6.41132275,126928.0423,886.6552494
44,0.000919,98793.36775,90.79110496,7607.986243,6.595980525,118856.7809,880.2439266
45,0.00101,98702.57664,99.68960241,7170.749531,6.832506629,111248.7947,873.6479461
46,0.001117,98602.88704,110.1394248,6758.025542,7.121428802,104078.0451,866.8154395
47,0.001237,98492.74761,121.8355288,6368.374365,7.431772726,97320.0196,859.6940107
48,0.001366,98370.91208,134.3746659,6000.468572,7.732679311,90951.64524,852.2622379
49,0.001505,98236.53742,147.8459888,5653.086728,8.026316534,84951.17666,844.5295586
50,0.001647,98088.69143,161.5520748,5325.07437,8.273959895,79298.08994,836.5032421
51,0.001793,97927.13936,175.5833609,5015.381107,8.483564457,73973.01556,828.2292822
52,0.001949,97751.55599,190.5177826,4723.008046,8.684096869,68957.63446,819.7457177
53,0.00212,97561.03821,206.829401,4446.983871,8.893967741,64234.62641,811.0616209
54,0.002315,97354.20881,225.3749934,4186.373835,9.142882479,59787.64254,802.1676531
55,0.002541,97128.83382,246.8043667,3940.266396,9.445487652,55601.26871,793.0247706
56,0.002803,96882.02945,271.5603286,3707.786961,9.804647973,51661.00231,783.579283
57,0.003103,96610.46912,299.7822857,3488.107579,10.21094134,47953.21535,773.774635
58,0.003443,96310.68684,331.5976948,3280.456586,10.65529437,44465.10777,763.5636937
59,0.003821,95979.08914,366.7360996,3084.11507,11.11736197,41184.65118,752.9083993
60,0.004241,95612.35304,405.4919893,2898.425157,11.59643499,38100.53611,741.7910373
61,0.004703,95206.86105,447.7578675,2722.766921,12.08035172,35202.11096,730.1946024
62,0.00521,94759.10319,493.6949276,2556.567687,12.56577137,32479.34404,718.1142506
63,0.005769,94265.40826,543.8171402,2399.290537,13.05802557,29922.77635,705.5484793
64,0.006386,93721.59112,598.5060809,2250.423613,13.55774075,27523.48581,692.4904537
65,0.007064,93123.08504,657.8214727,2109.483404,14.05791581,25273.0622,678.9327129
66,0.007817,92465.26356,722.8009653,1976.020767,14.57222107,23163.5788,664.8747971
67,0.008681,91742.4626,796.4163178,1849.598314,15.14751223,21187.55803,650.3025761
68,0.009702,90946.04628,882.358541,1729.756557,15.83216804,19337.95972,635.1550638
69,0.010922,90063.68774,983.6755975,1616.013641,16.65103866,17608.20316,619.3228958
70,0.012385,89080.01214,1103.25595,1507.890132,17.6181314,15992.18952,602.6718571
71,0.014128,87976.75619,1242.935611,1404.919729,18.72519427,14484.29939,585.0537257
72,0.01616,86733.82058,1401.618541,1306.670776,19.9205658,13079.37966,566.3285315
73,0.018481,85332.20204,1577.024426,1212.787714,21.14483937,11772.70888,546.4079657
74,0.021092,83755.17761,1766.564206,1122.994513,22.34547195,10559.92117,525.2631263
75,0.023992,81988.61341,1967.070813,1037.083314,23.4733046,9436.926655,502.9176543
76,0.027185,80021.54259,2175.385635,954.9071804,24.48976575,8399.843341,479.4443497
77,0.030672,77846.15696,2387.697326,876.3660648,25.35839617,7444.936161,454.954584
78,0.034459,75458.45963,2600.22306,801.4020423,26.05237073,6568.570096,429.5961878
79,0.038549,72858.23657,2808.612162,729.9872918,26.54743407,5767.168053,403.5438171
80,0.042945,70049.62441,3008.28112,662.1198224,26.82522243,5037.180762,376.996383
81,0.047655,67041.34329,3194.855215,597.8161194,26.87634639,4375.060939,350.1711606
82,0.052691,63846.48808,3364.135303,537.1011248,26.69848619,3777.24482,323.2948142
83,0.058071,60482.35277,3512.270708,480.0006881,26.29633958,3240.143695,296.596328
84,0.063807,56970.08207,3635.090026,426.5344983,25.67536484,2760.143007,270.2999884
85,0.069918,53334.99204,3729.075973,376.7156713,24.84830783,2333.608509,244.6246236
86,0.07657,49605.91607,3798.324993,330.5438349,23.87711456,1956.892837,219.7763158
87,0.08387,45807.59107,3841.882663,287.9566919,22.7838941,1626.349003,195.8992012
88,0.091935,41965.70841,3858.117403,248.8733624,21.58506847,1338.392311,173.1153071
89,0.101354,38107.59101,3862.356779,213.2011225,20.38564771,1089.518948,151.5302386
90,0.11175,34245.23423,3826.904925,180.7474867,19.05521853,876.3178257,131.1445909
91,0.123076,30418.3293,3743.766297,151.4612784,17.5860833,695.570339,112.0893724
92,0.13563,26674.56301,3617.87098,125.3019152,16.03273467,544.1090607,94.50328909
93,0.149577,23056.69202,3448.750823,102.1766193,14.4181813,418.8071455,78.47055442
94,0.165103,19607.9412,3237.329916,81.97485574,12.76820246,316.6305262,64.05237312
95,0.182419,16370.61129,2986.31054,64.5665671,11.11147982,234.6556705,51.28417066
96,0.201757,13384.30075,2700.376366,49.80037594,9.47884382,170.0891034,40.17269084
97,0.222044,10683.92438,2372.301305,37.50264292,7.855883815,120.2887274,30.69384703
98,0.243899,8311.623075,2027.196556,27.52396799,6.333083273,82.78608452,22.83796321
99,0.268185,6284.426519,1685.388926,19.63292427,4.967222448,55.26211653,16.50487994
100,0.295187,4599.037593,1357.57611,13.55440422,3.77460747,35.62919226,11.53765749
101,0.325225,3241.461483,1054.204311,9.012566322,2.765199889,22.07478804,7.763050018
102,0.358897,2187.257172,785.0000373,5.73722117,1.942520251,13.06222172,4.997850129
103,0.395843,1402.257135,555.073671,3.469952551,1.29580795,7.325000549,3.055329878
104,0.43836,847.1834638,371.3713432,1.977732192,0.817885551,3.855047999,1.759521928
105,0.487816,475.8121206,232.1087654,1.047899536,0.482247321,1.877315807,0.941636377
106,0.545886,243.7033552,133.0342497,0.506337147,0.260756943,0.829416271,0.459389056
107,0.614309,110.6691054,67.98502749,0.216919611,0.125712895,0.323079124,0.198632113
108,0.694885,42.68407794,29.6605255,0.078928247,0.051741561,0.106159513,0.072919218
109,0.789474,13.02355244,10.28175604,0.022719049,0.016920848,0.027231267,0.021177657
110,1,2.741796401,2.741796401,0.004512217,0.004256809,0.004512217,0.004256809
