usia,qx,lx,dx,Dx,Cx,Nx,Mx
0,0.00524,100000,524,100000,494.3396226,1726327.605,2283.343139
1,0.00053,99476,52.72228,93845.28302,46.92264151,1626327.605,1789.003517
2,0.00042,99423.27772,41.75777664,88486.36323,35.06063449,1532482.322,1742.080875
3,0.00034,99381.51994,33.78971678,83442.64052,26.76462054,1443995.958,1707.020241
4,0.00029,99347.73023,28.81084177,78692.70757,21.52913698,1360553.318,1680.25562
5,0.00026,99318.91938,25.82291904,74216.87423,18.20413896,1281860.61,1658.726483
6,0.00023,99293.09647,22.83741219,69997.71495,15.18818343,1207643.736,1640.522344
7,0.00021,99270.25905,20.8467544,66020.39195,13.07951161,1137646.021,1625.334161
8,0.0002,99249.4123,19.84988246,62270.30912,11.74911493,1071625.629,1612.254649
9,0.0002,99229.56242,19.84591248,58733.82553,11.08185387,1009355.32,1600.505534
10,0.00019,99209.7165,18.84984614,55398.18752,9.9298638,950621.4944,1589.42368
11,0.00019,99190.86666,18.84626467,52252.51119,9.366016156,895223.3069,1579.493816
12,0.00019,99172.02039,18.84268387,49285.45586,8.834185484,842970.7957,1570.1278
13,0.0002,99153.17771,19.83063554,46486.87889,8.771109224,793685.3399,1561.293615
14,0.00023,99133.34707,22.80066983,43846.77501,9.51392288,747198.461,1552.522506
15,0.00027,99110.5464,26.75984753,41355.36816,10.53391453,703351.686,1543.008583
16,0.00031,99083.78656,30.71597383,39003.96435,11.40681976,661996.3178,1532.474668
17,0.00037,99053.07058,36.64963612,36784.78597,12.83997246,622992.3534,1521.067848
18,0.00043,99016.42095,42.57706101,34689.7883,14.07227261,586207.5675,1508.227876
19,0.00047,98973.84389,46.51770663,32712.1431,14.50444081,551517.7792,1494.155603
20,0.00049,98927.32618,48.47438983,30846.00792,14.25900366,518805.6361,1479.651163
21,0.00049,98878.85179,48.45063738,29085.74847,13.44529882,487959.6281,1465.392159
22,0.00049,98830.40115,48.42689656,27425.94005,12.67802889,458873.8797,1451.94686
23,0.00049,98781.97426,48.40316739,25860.85032,11.95454402,431447.9396,1439.268831
24,0.0005,98733.57109,49.36678554,24385.07406,11.50239342,405587.0893,1427.314287
25,0.00052,98684.2043,51.31578624,22993.28445,11.27972445,381202.0152,1415.811894
26,0.00055,98632.88852,54.24808868,21680.49806,11.24931503,358208.7308,1404.532169
27,0.0006,98578.64043,59.14718426,20442.05074,11.57097212,336528.2327,1393.282854
28,0.00065,98519.49324,64.03767061,19273.38256,11.81858365,316086.182,1381.711882
29,0.0007,98455.45557,68.9188189,18170.61779,11.99946458,296812.7994,1369.893298
30,0.00075,98386.53675,73.78990257,17130.09279,12.12034868,278642.1816,1357.893834
31,0.00081,98312.74685,79.63332495,16148.34455,12.33977272,261512.0888,1345.773485
32,0.00087,98233.11353,85.46280877,15221.94754,12.49348524,245363.7443,1333.433713
33,0.00093,98147.65072,91.27731517,14347.83438,12.58819432,230141.7967,1320.940227
34,0.00099,98056.3734,97.07580967,13523.10462,12.63006941,215793.9624,1308.352033
35,0.00107,97959.29759,104.8164484,12745.0158,12.8652518,202270.8577,1295.721964
36,0.00116,97854.48114,113.5111981,12010.73456,13.14382272,189525.8419,1282.856712
37,0.00127,97740.96995,124.1310318,11317.73784,13.55993118,177515.1074,1269.712889
38,0.00139,97616.83891,135.6874061,10663.55123,13.98333605,166197.3696,1256.152958
39,0.00155,97481.15151,151.0957848,10045.97066,14.68986276,155533.8183,1242.169622
40,0.00173,97330.05572,168.3809964,9462.640947,15.44374419,145487.8477,1227.479759
41,0.00193,97161.67473,187.5220322,8911.576017,16.22579407,136025.2067,1212.036015
42,0.00216,96974.15269,209.4641698,8390.921392,17.09848133,127113.6307,1195.810221
43,0.00241,96764.68852,233.2028993,7898.865096,17.95874045,118722.7093,1178.711739
44,0.0027,96531.48563,260.6350112,7433.800784,18.93515294,110823.8442,1160.752999
45,0.00302,96270.85061,290.7379689,6994.084455,19.9265425,103390.0434,1141.817846
46,0.00338,95980.11265,324.4127807,6578.266339,20.97598135,96395.95897,1121.891304
47,0.00377,95655.69986,360.6219885,6184.93566,21.99736551,89817.69263,1100.915322
48,0.00418,95295.07788,398.3334255,5812.847596,22.92236128,83632.75697,1078.917957
49,0.00461,94896.74445,437.4739919,5460.896126,23.74974636,77819.90937,1055.995595
50,0.00508,94459.27046,479.8530939,5128.039052,24.57588527,72359.01325,1032.245849
51,0.00556,93979.41736,522.5255605,4813.196805,25.24657947,67230.97419,1007.669964
52,0.00609,93456.8918,569.1524711,4515.505123,25.94285491,62417.77739,982.4233843
53,0.00667,92887.73933,619.5612214,4233.967639,26.64204165,57902.27227,956.4805294
54,0.00727,92268.17811,670.7896549,3967.667052,27.21220704,53668.30463,929.8384878
55,0.00789,91597.38846,722.7033949,3715.869917,27.65869212,49700.63757,902.6262807
56,0.00847,90874.68506,769.7085825,3477.878965,27.79022154,45984.76766,874.9675886
57,0.00898,90104.97648,809.1426888,3253.22767,27.56036272,42506.88869,847.1773671
58,0.00939,89295.83379,838.4878793,3041.522345,26.943297,39253.66102,819.6170043
59,0.00971,88457.34591,858.9208288,2842.417406,26.03761605,36212.13868,792.6737073
60,0.00999,87598.42508,875.1082666,2655.488239,25.02672406,33369.72127,766.6360913
61,0.01024,86723.31682,888.0467642,2480.15086,23.95919321,30714.23303,741.6093672
62,0.01046,85835.27005,897.8369247,2315.805769,22.85219655,28234.08217,717.650174
63,0.01071,84937.43313,909.6799088,2161.870227,21.84304729,25918.2764,694.7979775
64,0.01104,84027.75322,927.6663955,2017.657167,21.01408974,23756.40618,672.9549302
65,0.01146,83100.08682,952.326995,1882.436067,20.35162013,21738.74901,651.9408404
66,0.01199,82147.75983,984.9516403,1755.531462,19.85737947,19856.31294,631.5892203
67,0.0126,81162.80819,1022.651383,1636.304377,19.45041052,18100.78148,611.7318409
68,0.01329,80140.1568,1065.062684,1524.232964,19.11043028,16464.4771,592.2814303
69,0.01405,79075.09412,1111.005072,1418.845197,18.80639152,14940.24414,573.171
70,0.01485,77964.08905,1157.766722,1319.726813,18.48862563,13521.39894,554.3646085
71,0.01574,76806.32233,1208.931513,1226.536669,18.21291243,12201.67213,535.8759829
72,0.0167,75597.39081,1262.476427,1138.897153,17.94300232,10975.13546,517.6630705
73,0.01777,74334.91439,1320.931429,1056.488274,17.7111289,9836.238307,499.7200681
74,0.01895,73013.98296,1383.614977,978.9759222,17.50150352,8779.750033,482.0089392
75,0.02026,71630.36798,1451.231255,906.0606873,17.31772597,7800.77411,464.5074357
76,0.02369,70179.13672,1662.543749,837.4565073,18.71636288,6894.713423,447.1897098
77,0.02738,68516.59298,1875.984316,771.3369459,19.92377885,6057.256916,428.4733469
78,0.0313,66640.60866,2085.851051,707.7525852,20.898732,5285.91997,408.549568
79,0.03693,64554.75761,2384.007199,646.7923861,22.53400266,4578.167385,387.650836
80,0.04518,62170.75041,2808.874504,587.6474937,25.04708846,3931.374999,365.1168334
81,0.05527,59361.87591,3280.930881,529.3373395,27.60044788,3343.727505,340.0697449
82,0.06732,56080.94503,3775.369219,471.7744007,29.96212515,2814.390165,312.469297
83,0.08228,52305.57581,4303.702777,415.1080642,32.22178446,2342.615765,282.5071719
84,0.09478,48001.87303,4549.617526,359.3895969,32.13485471,1927.5077,250.2853874
85,0.10465,43452.2555,4547.278538,306.9119348,30.30031507,1568.118104,218.1505327
86,0.11533,38904.97696,4486.910993,259.2392461,28.2057191,1261.206169,187.8502176
87,0.12698,34418.06597,4370.406017,216.3596074,25.91824806,1001.966923,159.6444985
88,0.13947,30047.65995,4190.747134,178.1945891,23.44603711,785.6073153,133.7262505
89,0.15271,25856.91282,3948.609157,144.6620658,20.84089063,607.4127262,110.2802134
90,0.16659,21908.30366,3649.704307,115.6327563,18.17288762,462.7506604,89.43932274
91,0.17991,18258.59936,3284.90461,90.91461837,15.43061225,347.1179041,71.26643512
92,0.1939,14973.69475,2903.399411,70.33789564,12.86652638,256.2032857,55.83582286
93,0.20874,12070.29533,2519.553448,53.48997894,10.53348887,185.8653901,42.96929648
94,0.22451,9550.741887,2144.237061,39.92875541,8.456985733,132.3754111,32.43580761
95,0.24126,7406.504826,1786.893354,29.21165145,6.648682102,92.44665572,23.97882188
96,0.25715,5619.611471,1445.08309,20.90947964,5.072521405,63.23500427,17.33013978
97,0.27419,4174.528382,1144.613937,14.65340278,3.790392933,42.32552463,12.25761837
98,0.29249,3029.914445,886.2196759,10.03357196,2.768603266,27.67212185,8.467225437
99,0.31215,2143.694769,669.1543221,6.697030656,1.972149169,17.63854989,5.698622171
100,0.33331,1474.540447,491.4790763,4.34580428,1.366509457,10.94151924,3.726473002
101,0.35163,983.0613704,345.6738697,2.733305901,0.906709768,6.595714957,2.359963545
102,0.37132,637.3875007,236.6747268,1.671880705,0.585662965,3.862409056,1.453253777
103,0.3925,400.712774,157.2797638,0.991582983,0.36716634,2.190528351,0.867590812
104,0.41527,243.4330102,101.0904261,0.568289304,0.222635377,1.198945369,0.500424472
105,0.43973,142.342584,62.59230448,0.313486608,0.130046666,0.630656065,0.277789095
106,0.46602,79.75027956,37.16522528,0.165695417,0.072846583,0.317169457,0.147742429
107,0.49429,42.58505428,21.04936648,0.083469848,0.038922935,0.15147404,0.074895846
108,0.52467,21.5356878,11.29912932,0.039822204,0.019710864,0.068004192,0.035972911
109,0.55733,10.23655848,5.705141139,0.017857253,0.009389041,0.028181988,0.016262046
110,0.59244,4.531417343,2.684592891,0.007457425,0.004167997,0.010324734,0.006873006
111,1,1.846824452,1.846824452,0.002867309,0.002705009,0.002867309,0.002705009
